0 100 0.001 5000.0
1 100 0.001 5000.0
2 100 0.001 5000.0
3 100 0.001 5000.0
4 100 0.001 5000.0
5 100 0.001 5000.0
6 100 0.001 5000.0
7 100 0.001 5000.0
8 100 0.001 5000.0
9 100 0.001 5000.0
10 100 0.001 5000.0
11 100 0.001 5000.0
12 100 0.001 5000.0
13 100 0.001 5000.0
14 100 0.001 5000.0
15 100 0.001 5000.0
16 100 0.001 5000.0
17 100 0.001 5000.0
18 100 0.001 5000.0
19 100 0.001 5000.0
20 100 0.001 5000.0
21 100 0.001 5000.0
22 100 0.001 5000.0
23 100 0.001 5000.0
24 100 0.001 5000.0
25 100 0.001 5000.0
26 100 0.001 5000.0
27 100 0.001 5000.0
28 100 0.001 5000.0
29 100 0.001 5000.0
30 100 0.001 5000.0
31 100 0.001 5000.0
32 100 0.001 5000.0
33 100 0.001 5000.0
34 100 0.001 5000.0
35 100 0.001 5000.0
36 100 0.001 5000.0
37 100 0.001 5000.0
38 100 0.001 5000.0
39 100 0.001 5000.0
40 100 0.001 5000.0
41 100 0.001 5000.0
42 100 0.001 5000.0
43 100 0.001 5000.0
44 100 0.001 5000.0
45 100 0.001 5000.0
46 100 0.001 5000.0
47 100 0.001 5000.0
48 100 0.001 5000.0
49 100 0.001 5000.0
50 100 0.001 5000.0
51 100 0.001 5000.0
52 100 0.001 5000.0
53 100 0.001 5000.0
54 100 0.001 5000.0
55 100 0.001 5000.0
56 100 0.001 5000.0
57 100 0.001 5000.0
58 100 0.001 5000.0
59 100 0.001 5000.0
60 100 0.001 5000.0
61 100 0.001 5000.0
62 100 0.001 5000.0
63 100 0.001 5000.0
64 100 0.001 5000.0
65 100 0.001 5000.0
66 100 0.001 5000.0
67 100 0.001 5000.0
68 100 0.001 5000.0
69 100 0.001 5000.0
70 100 0.001 5000.0
71 100 0.001 5000.0
72 100 0.001 5000.0
73 100 0.001 5000.0
74 100 0.001 5000.0
75 100 0.001 5000.0
76 100 0.001 5000.0
77 100 0.001 5000.0
78 100 0.001 5000.0
79 100 0.001 5000.0
80 100 0.001 5000.0
81 100 0.001 5000.0
82 100 0.001 5000.0
83 100 0.001 5000.0
84 100 0.001 5000.0
85 100 0.001 5000.0
86 100 0.001 5000.0
87 100 0.001 5000.0
88 100 0.001 5000.0
89 100 0.001 5000.0
90 100 0.001 5000.0
91 100 0.001 5000.0
92 100 0.001 5000.0
93 100 0.001 5000.0
94 100 0.001 5000.0
95 100 0.001 5000.0
96 100 0.001 5000.0
97 100 0.001 5000.0
98 100 0.001 5000.0
99 100 0.001 5000.0
100 100 0.001 5000.0
101 100 0.001 5000.0
102 100 0.001 5000.0
103 100 0.001 5000.0
104 100 0.001 5000.0
105 100 0.001 5000.0
106 100 0.001 5000.0
107 100 0.001 5000.0
108 100 0.001 5000.0
109 100 0.001 5000.0
110 100 0.001 5000.0
111 100 0.001 5000.0
112 100 0.001 5000.0
113 100 0.001 5000.0
114 100 0.001 5000.0
115 100 0.001 5000.0
116 100 0.001 5000.0
117 100 0.001 5000.0
118 100 0.001 5000.0
119 100 0.001 5000.0
120 100 0.001 5000.0
121 100 0.001 5000.0
122 100 0.001 5000.0
123 100 0.001 5000.0
124 100 0.001 5000.0
125 100 0.001 5000.0
126 100 0.001 5000.0
127 100 0.001 5000.0
128 100 0.001 5000.0
129 100 0.001 5000.0
130 100 0.001 5000.0
131 100 0.001 5000.0
132 100 0.001 5000.0
133 100 0.001 5000.0
134 100 0.001 5000.0
135 100 0.001 5000.0
136 100 0.001 5000.0
137 100 0.001 5000.0
138 100 0.001 5000.0
139 100 0.001 5000.0
140 100 0.001 5000.0
141 100 0.001 5000.0
142 100 0.001 5000.0
143 100 0.001 5000.0
144 100 0.001 5000.0
145 100 0.001 5000.0
146 100 0.001 5000.0
147 100 0.001 5000.0
148 100 0.001 5000.0
149 100 0.001 5000.0
150 100 0.001 5000.0
151 100 0.001 5000.0
152 100 0.001 5000.0
153 100 0.001 5000.0
154 100 0.001 5000.0
155 100 0.001 5000.0
156 100 0.001 5000.0
157 100 0.001 5000.0
158 100 0.001 5000.0
159 100 0.001 5000.0
160 100 0.001 5000.0
161 100 0.001 5000.0
162 100 0.001 5000.0
163 100 0.001 5000.0
164 100 0.001 5000.0
165 100 0.001 5000.0
166 100 0.001 5000.0
167 100 0.001 5000.0
168 100 0.001 5000.0
169 100 0.001 5000.0
170 100 0.001 5000.0
171 100 0.001 5000.0
172 100 0.001 5000.0
173 100 0.001 5000.0
174 100 0.001 5000.0
175 100 0.001 5000.0
176 100 0.001 5000.0
177 100 0.001 5000.0
178 100 0.001 5000.0
179 100 0.001 5000.0
180 100 0.001 5000.0
181 100 0.001 5000.0
182 100 0.001 5000.0
183 100 0.001 5000.0
184 100 0.001 5000.0
185 100 0.001 5000.0
186 100 0.001 5000.0
187 100 0.001 5000.0
188 100 0.001 5000.0
189 100 0.001 5000.0
190 100 0.001 5000.0
191 100 0.001 5000.0
192 100 0.001 5000.0
193 100 0.001 5000.0
194 100 0.001 5000.0
195 100 0.001 5000.0
196 100 0.001 5000.0
197 100 0.001 5000.0
198 100 0.001 5000.0
199 100 0.001 5000.0
200 100 0.001 5000.0
201 100 0.001 5000.0
202 100 0.001 5000.0
203 100 0.001 5000.0
204 100 0.001 5000.0
205 100 0.001 5000.0
206 100 0.001 5000.0
207 100 0.001 5000.0
208 100 0.001 5000.0
209 100 0.001 5000.0
210 100 0.001 5000.0
211 100 0.001 5000.0
212 100 0.001 5000.0
213 100 0.001 5000.0
214 100 0.001 5000.0
215 100 0.001 5000.0
216 100 0.001 5000.0
217 100 0.001 5000.0
218 100 0.001 5000.0
219 100 0.001 5000.0
220 100 0.001 5000.0
221 100 0.001 5000.0
222 100 0.001 5000.0
223 100 0.001 5000.0
224 100 0.001 5000.0
225 100 0.001 5000.0
226 100 0.001 5000.0
227 100 0.001 5000.0
228 100 0.001 5000.0
229 100 0.001 5000.0
230 100 0.001 5000.0
231 100 0.001 5000.0
232 100 0.001 5000.0
233 100 0.001 5000.0
234 100 0.001 5000.0
235 100 0.001 5000.0
236 100 0.001 5000.0
237 100 0.001 5000.0
238 100 0.001 5000.0
239 100 0.001 5000.0
240 100 0.001 5000.0
241 100 0.001 5000.0
242 100 0.001 5000.0
243 100 0.001 5000.0
244 100 0.001 5000.0
245 100 0.001 5000.0
246 100 0.001 5000.0
247 100 0.001 5000.0
248 100 0.001 5000.0
249 100 0.001 5000.0
250 100 0.001 5000.0
251 100 0.001 5000.0
252 100 0.001 5000.0
253 100 0.001 5000.0
254 100 0.001 5000.0
255 100 0.001 5000.0
256 100 0.001 5000.0
257 100 0.001 5000.0
258 100 0.001 5000.0
259 100 0.001 5000.0
260 100 0.001 5000.0
261 100 0.001 5000.0
262 100 0.001 5000.0
263 100 0.001 5000.0
264 100 0.001 5000.0
265 100 0.001 5000.0
266 100 0.001 5000.0
267 100 0.001 5000.0
268 100 0.001 5000.0
269 100 0.001 5000.0
270 100 0.001 5000.0
271 100 0.001 5000.0
272 100 0.001 5000.0
273 100 0.001 5000.0
274 100 0.001 5000.0
275 100 0.001 5000.0
276 100 0.001 5000.0
277 100 0.001 5000.0
278 100 0.001 5000.0
279 100 0.001 5000.0
280 100 0.001 5000.0
281 100 0.001 5000.0
282 100 0.001 5000.0
283 100 0.001 5000.0
284 100 0.001 5000.0
285 100 0.001 5000.0
286 100 0.001 5000.0
287 100 0.001 5000.0
288 100 0.001 5000.0
289 100 0.001 5000.0
290 100 0.001 5000.0
291 100 0.001 5000.0
292 100 0.001 5000.0
293 100 0.001 5000.0
294 100 0.001 5000.0
295 100 0.001 5000.0
296 100 0.001 5000.0
297 100 0.001 5000.0
298 100 0.001 5000.0
299 100 0.001 5000.0
300 100 0.001 5000.0
301 100 0.001 5000.0
302 100 0.001 5000.0
303 100 0.001 5000.0
304 100 0.001 5000.0
305 100 0.001 5000.0
306 100 0.001 5000.0
307 100 0.001 5000.0
308 100 0.001 5000.0
309 100 0.001 5000.0
310 100 0.001 5000.0
311 100 0.001 5000.0
312 100 0.001 5000.0
313 100 0.001 5000.0
314 100 0.001 5000.0
315 100 0.001 5000.0
316 100 0.001 5000.0
317 100 0.001 5000.0
318 100 0.001 5000.0
319 100 0.001 5000.0
320 100 0.001 5000.0
321 100 0.001 5000.0
322 100 0.001 5000.0
323 100 0.001 5000.0
324 100 0.001 5000.0
325 100 0.001 5000.0
326 100 0.001 5000.0
327 100 0.001 5000.0
328 100 0.001 5000.0
329 100 0.001 5000.0
330 100 0.001 5000.0
331 100 0.001 5000.0
332 100 0.001 5000.0
333 100 0.001 5000.0
334 100 0.001 5000.0
335 100 0.001 5000.0
336 100 0.001 5000.0
337 100 0.001 5000.0
338 100 0.001 5000.0
339 100 0.001 5000.0
340 100 0.001 5000.0
341 100 0.001 5000.0
342 100 0.001 5000.0
343 100 0.001 5000.0
344 100 0.001 5000.0
345 100 0.001 5000.0
346 100 0.001 5000.0
347 100 0.001 5000.0
348 100 0.001 5000.0
349 100 0.001 5000.0
350 100 0.001 5000.0
351 100 0.001 5000.0
352 100 0.001 5000.0
353 100 0.001 5000.0
354 100 0.001 5000.0
355 100 0.001 5000.0
356 100 0.001 5000.0
357 100 0.001 5000.0
358 100 0.001 5000.0
359 100 0.001 5000.0
360 100 0.001 5000.0
361 100 0.001 5000.0
362 100 0.001 5000.0
363 100 0.001 5000.0
364 100 0.001 5000.0
365 100 0.001 5000.0
366 100 0.001 5000.0
367 100 0.001 5000.0
368 100 0.001 5000.0
369 100 0.001 5000.0
370 100 0.001 5000.0
371 100 0.001 5000.0
372 100 0.001 5000.0
373 100 0.001 5000.0
374 100 0.001 5000.0
375 100 0.001 5000.0
376 100 0.001 5000.0
377 100 0.001 5000.0
378 100 0.001 5000.0
379 100 0.001 5000.0
380 100 0.001 5000.0
381 100 0.001 5000.0
382 100 0.001 5000.0
383 100 0.001 5000.0
384 100 0.001 5000.0
385 100 0.001 5000.0
386 100 0.001 5000.0
387 100 0.001 5000.0
388 100 0.001 5000.0
389 100 0.001 5000.0
390 100 0.001 5000.0
391 100 0.001 5000.0
392 100 0.001 5000.0
393 100 0.001 5000.0
394 100 0.001 5000.0
395 100 0.001 5000.0
396 100 0.001 5000.0
397 100 0.001 5000.0
398 100 0.001 5000.0
399 100 0.001 5000.0
400 100 0.001 5000.0
401 100 0.001 5000.0
402 100 0.001 5000.0
403 100 0.001 5000.0
404 100 0.001 5000.0
405 100 0.001 5000.0
406 100 0.001 5000.0
407 100 0.001 5000.0
408 100 0.001 5000.0
409 100 0.001 5000.0
410 100 0.001 5000.0
411 100 0.001 5000.0
412 100 0.001 5000.0
413 100 0.001 5000.0
414 100 0.001 5000.0
415 100 0.001 5000.0
416 100 0.001 5000.0
417 100 0.001 5000.0
418 100 0.001 5000.0
419 100 0.001 5000.0
420 100 0.001 5000.0
421 100 0.001 5000.0
422 100 0.001 5000.0
423 100 0.001 5000.0
424 100 0.001 5000.0
425 100 0.001 5000.0
426 100 0.001 5000.0
427 100 0.001 5000.0
428 100 0.001 5000.0
429 100 0.001 5000.0
430 100 0.001 5000.0
431 100 0.001 5000.0
432 100 0.001 5000.0
433 100 0.001 5000.0
434 100 0.001 5000.0
435 100 0.001 5000.0
436 100 0.001 5000.0
437 100 0.001 5000.0
438 100 0.001 5000.0
439 100 0.001 5000.0
440 100 0.001 5000.0
441 100 0.001 5000.0
442 100 0.001 5000.0
443 100 0.001 5000.0
444 100 0.001 5000.0
445 100 0.001 5000.0
446 100 0.001 5000.0
447 100 0.001 5000.0
448 100 0.001 5000.0
449 100 0.001 5000.0
450 100 0.001 5000.0
451 100 0.001 5000.0
452 100 0.001 5000.0
453 100 0.001 5000.0
454 100 0.001 5000.0
455 100 0.001 5000.0
456 100 0.001 5000.0
457 100 0.001 5000.0
458 100 0.001 5000.0
459 100 0.001 5000.0
460 100 0.001 5000.0
461 100 0.001 5000.0
462 100 0.001 5000.0
463 100 0.001 5000.0
464 100 0.001 5000.0
465 100 0.001 5000.0
466 100 0.001 5000.0
467 100 0.001 5000.0
468 100 0.001 5000.0
469 100 0.001 5000.0
470 100 0.001 5000.0
471 100 0.001 5000.0
472 100 0.001 5000.0
473 100 0.001 5000.0
474 100 0.001 5000.0
475 100 0.001 5000.0
476 100 0.001 5000.0
477 100 0.001 5000.0
478 100 0.001 5000.0
479 100 0.001 5000.0
480 100 0.001 5000.0
481 100 0.001 5000.0
482 100 0.001 5000.0
483 100 0.001 5000.0
484 100 0.001 5000.0
485 100 0.001 5000.0
486 100 0.001 5000.0
487 100 0.001 5000.0
488 100 0.001 5000.0
489 100 0.001 5000.0
490 100 0.001 5000.0
491 100 0.001 5000.0
492 100 0.001 5000.0
493 100 0.001 5000.0
494 100 0.001 5000.0
495 100 0.001 5000.0
496 100 0.001 5000.0
497 100 0.001 5000.0
498 100 0.001 5000.0
499 100 0.001 5000.0
500 100 0.001 5000.0
501 100 0.001 5000.0
502 100 0.001 5000.0
503 100 0.001 5000.0
504 100 0.001 5000.0
505 100 0.001 5000.0
506 100 0.001 5000.0
507 100 0.001 5000.0
508 100 0.001 5000.0
509 100 0.001 5000.0
510 100 0.001 5000.0
511 100 0.001 5000.0
512 100 0.001 5000.0
513 100 0.001 5000.0
514 100 0.001 5000.0
515 100 0.001 5000.0
516 100 0.001 5000.0
517 100 0.001 5000.0
518 100 0.001 5000.0
519 100 0.001 5000.0
520 100 0.001 5000.0
521 100 0.001 5000.0
522 100 0.001 5000.0
523 100 0.001 5000.0
524 100 0.001 5000.0
525 100 0.001 5000.0
526 100 0.001 5000.0
527 100 0.001 5000.0
528 100 0.001 5000.0
529 100 0.001 5000.0
530 100 0.001 5000.0
531 100 0.001 5000.0
532 100 0.001 5000.0
533 100 0.001 5000.0
534 100 0.001 5000.0
535 100 0.001 5000.0
536 100 0.001 5000.0
537 100 0.001 5000.0
538 100 0.001 5000.0
539 100 0.001 5000.0
540 100 0.001 5000.0
541 100 0.001 5000.0
542 100 0.001 5000.0
543 100 0.001 5000.0
544 100 0.001 5000.0
545 100 0.001 5000.0
546 100 0.001 5000.0
547 100 0.001 5000.0
548 100 0.001 5000.0
549 100 0.001 5000.0
550 100 0.001 5000.0
551 100 0.001 5000.0
552 100 0.001 5000.0
553 100 0.001 5000.0
554 100 0.001 5000.0
555 100 0.001 5000.0
556 100 0.001 5000.0
557 100 0.001 5000.0
558 100 0.001 5000.0
559 100 0.001 5000.0
560 100 0.001 5000.0
561 100 0.001 5000.0
562 100 0.001 5000.0
563 100 0.001 5000.0
564 100 0.001 5000.0
565 100 0.001 5000.0
566 100 0.001 5000.0
567 100 0.001 5000.0
568 100 0.001 5000.0
569 100 0.001 5000.0
570 100 0.001 5000.0
571 100 0.001 5000.0
572 100 0.001 5000.0
573 100 0.001 5000.0
574 100 0.001 5000.0
575 100 0.001 5000.0
576 100 0.001 5000.0
577 100 0.001 5000.0
578 100 0.001 5000.0
579 100 0.001 5000.0
580 100 0.001 5000.0
581 100 0.001 5000.0
582 100 0.001 5000.0
583 100 0.001 5000.0
584 100 0.001 5000.0
585 100 0.001 5000.0
586 100 0.001 5000.0
587 100 0.001 5000.0
588 100 0.001 5000.0
589 100 0.001 5000.0
590 100 0.001 5000.0
591 100 0.001 5000.0
592 100 0.001 5000.0
593 100 0.001 5000.0
594 100 0.001 5000.0
595 100 0.001 5000.0
596 100 0.001 5000.0
597 100 0.001 5000.0
598 100 0.001 5000.0
599 100 0.001 5000.0
600 100 0.001 5000.0
601 100 0.001 5000.0
602 100 0.001 5000.0
603 100 0.001 5000.0
604 100 0.001 5000.0
605 100 0.001 5000.0
606 100 0.001 5000.0
607 100 0.001 5000.0
608 100 0.001 5000.0
609 100 0.001 5000.0
610 100 0.001 5000.0
611 100 0.001 5000.0
612 100 0.001 5000.0
613 100 0.001 5000.0
614 100 0.001 5000.0
615 100 0.001 5000.0
616 100 0.001 5000.0
617 100 0.001 5000.0
618 100 0.001 5000.0
619 100 0.001 5000.0
620 100 0.001 5000.0
621 100 0.001 5000.0
622 100 0.001 5000.0
623 100 0.001 5000.0
624 100 0.001 5000.0
625 100 0.001 5000.0
626 100 0.001 5000.0
627 100 0.001 5000.0
628 100 0.001 5000.0
629 100 0.001 5000.0
630 100 0.001 5000.0
631 100 0.001 5000.0
632 100 0.001 5000.0
633 100 0.001 5000.0
634 100 0.001 5000.0
635 100 0.001 5000.0
636 100 0.001 5000.0
637 100 0.001 5000.0
638 100 0.001 5000.0
639 100 0.001 5000.0
640 100 0.001 5000.0
641 100 0.001 5000.0
642 100 0.001 5000.0
643 100 0.001 5000.0
644 100 0.001 5000.0
645 100 0.001 5000.0
646 100 0.001 5000.0
647 100 0.001 5000.0
648 100 0.001 5000.0
649 100 0.001 5000.0
650 100 0.001 5000.0
651 100 0.001 5000.0
652 100 0.001 5000.0
653 100 0.001 5000.0
654 100 0.001 5000.0
655 100 0.001 5000.0
656 100 0.001 5000.0
657 100 0.001 5000.0
658 100 0.001 5000.0
659 100 0.001 5000.0
660 100 0.001 5000.0
661 100 0.001 5000.0
662 100 0.001 5000.0
663 100 0.001 5000.0
664 100 0.001 5000.0
665 100 0.001 5000.0
666 100 0.001 5000.0
667 100 0.001 5000.0
668 100 0.001 5000.0
669 100 0.001 5000.0
670 100 0.001 5000.0
671 100 0.001 5000.0
672 100 0.001 5000.0
673 100 0.001 5000.0
674 100 0.001 5000.0
675 100 0.001 5000.0
676 100 0.001 5000.0
677 100 0.001 5000.0
678 100 0.001 5000.0
679 100 0.001 5000.0
680 100 0.001 5000.0
681 100 0.001 5000.0
682 100 0.001 5000.0
683 100 0.001 5000.0
684 100 0.001 5000.0
685 100 0.001 5000.0
686 100 0.001 5000.0
687 100 0.001 5000.0
688 100 0.001 5000.0
689 100 0.001 5000.0
690 100 0.001 5000.0
691 100 0.001 5000.0
692 100 0.001 5000.0
693 100 0.001 5000.0
694 100 0.001 5000.0
695 100 0.001 5000.0
696 100 0.001 5000.0
697 100 0.001 5000.0
698 100 0.001 5000.0
699 100 0.001 5000.0
700 100 0.001 5000.0
701 100 0.001 5000.0
702 100 0.001 5000.0
703 100 0.001 5000.0
704 100 0.001 5000.0
705 100 0.001 5000.0
706 100 0.001 5000.0
707 100 0.001 5000.0
708 100 0.001 5000.0
709 100 0.001 5000.0
710 100 0.001 5000.0
711 100 0.001 5000.0
712 100 0.001 5000.0
713 100 0.001 5000.0
714 100 0.001 5000.0
715 100 0.001 5000.0
