0 0 0.001 4999.0
1 0 0.001 4999.0
2 0 0.001 4999.0
3 0 0.001 4999.0
4 0 0.001 4999.0
5 0 0.001 4999.0
6 0 0.001 4999.0
7 0 0.001 4999.0
8 0 0.001 4999.0
9 0 0.001 4999.0
10 0 0.001 4999.0
11 0 0.001 4999.0
12 0 0.001 4999.0
13 0 0.001 4999.0
14 0 0.001 4999.0
15 0 0.001 4999.0
16 0 0.001 4999.0
17 0 0.001 4999.0
18 0 0.001 4999.0
19 0 0.001 4999.0
20 0 0.001 4999.0
21 0 0.001 4999.0
22 0 0.001 4999.0
23 0 0.001 4999.0
24 0 0.001 4999.0
25 0 0.001 4999.0
26 0 0.001 4999.0
27 0 0.001 4999.0
28 0 0.001 4999.0
29 0 0.001 4999.0
30 0 0.001 4999.0
31 0 0.001 4999.0
32 0 0.001 4999.0
33 0 0.001 4999.0
34 0 0.001 4999.0
35 0 0.001 4999.0
36 0 0.001 4999.0
37 0 0.001 4999.0
38 0 0.001 4999.0
39 0 0.001 4999.0
40 0 0.001 4999.0
41 0 0.001 4999.0
42 0 0.001 4999.0
43 0 0.001 4999.0
44 0 0.001 4999.0
45 0 0.001 4999.0
46 0 0.001 4999.0
47 0 0.001 4999.0
48 0 0.001 4999.0
49 0 0.001 4999.0
50 0 0.001 4999.0
51 0 0.001 4999.0
52 0 0.001 4999.0
53 0 0.001 4999.0
54 0 0.001 4999.0
55 0 0.001 4999.0
56 0 0.001 4999.0
57 0 0.001 4999.0
58 0 0.001 4999.0
59 0 0.001 4999.0
60 0 0.001 4999.0
61 0 0.001 4999.0
62 0 0.001 4999.0
63 254 1.240234375 3.031496062992126
64 0 0.001 4999.0
65 0 0.001 4999.0
66 0 0.001 4999.0
67 0 0.001 4999.0
68 0 0.001 4999.0
69 0 0.001 4999.0
70 0 0.001 4999.0
71 254 1.240234375 3.031496062992126
72 0 0.001 4999.0
73 0 0.001 4999.0
74 0 0.001 4999.0
75 0 0.001 4999.0
76 0 0.001 4999.0
77 0 0.001 4999.0
78 0 0.001 4999.0
79 255 1.2451171875 3.015686274509804
80 0 0.001 4999.0
81 0 0.001 4999.0
82 0 0.001 4999.0
83 0 0.001 4999.0
84 0 0.001 4999.0
85 0 0.001 4999.0
86 0 0.001 4999.0
87 254 1.240234375 3.031496062992126
88 0 0.001 4999.0
89 0 0.001 4999.0
90 0 0.001 4999.0
91 0 0.001 4999.0
92 0 0.001 4999.0
93 0 0.001 4999.0
94 0 0.001 4999.0
95 254 1.240234375 3.031496062992126
96 0 0.001 4999.0
97 0 0.001 4999.0
98 0 0.001 4999.0
99 0 0.001 4999.0
100 0 0.001 4999.0
101 0 0.001 4999.0
102 0 0.001 4999.0
103 254 1.240234375 3.031496062992126
104 0 0.001 4999.0
105 0 0.001 4999.0
106 0 0.001 4999.0
107 0 0.001 4999.0
108 0 0.001 4999.0
109 0 0.001 4999.0
110 0 0.001 4999.0
111 255 1.2451171875 3.015686274509804
112 0 0.001 4999.0
113 0 0.001 4999.0
114 0 0.001 4999.0
115 0 0.001 4999.0
116 0 0.001 4999.0
117 0 0.001 4999.0
118 0 0.001 4999.0
119 254 1.240234375 3.031496062992126
120 0 0.001 4999.0
121 0 0.001 4999.0
122 0 0.001 4999.0
123 0 0.001 4999.0
124 0 0.001 4999.0
125 0 0.001 4999.0
126 0 0.001 4999.0
127 254 1.240234375 3.031496062992126
128 0 0.001 4999.0
129 0 0.001 4999.0
130 0 0.001 4999.0
131 0 0.001 4999.0
132 0 0.001 4999.0
133 0 0.001 4999.0
134 0 0.001 4999.0
135 0 0.001 4999.0
136 0 0.001 4999.0
137 0 0.001 4999.0
138 0 0.001 4999.0
139 0 0.001 4999.0
140 0 0.001 4999.0
141 0 0.001 4999.0
142 0 0.001 4999.0
143 254 1.240234375 3.031496062992126
144 0 0.001 4999.0
145 0 0.001 4999.0
146 0 0.001 4999.0
147 0 0.001 4999.0
148 0 0.001 4999.0
149 0 0.001 4999.0
150 0 0.001 4999.0
151 255 1.2451171875 3.015686274509804
152 0 0.001 4999.0
153 0 0.001 4999.0
154 0 0.001 4999.0
155 0 0.001 4999.0
156 0 0.001 4999.0
157 0 0.001 4999.0
158 0 0.001 4999.0
159 254 1.240234375 3.031496062992126
160 0 0.001 4999.0
161 0 0.001 4999.0
162 0 0.001 4999.0
163 0 0.001 4999.0
164 0 0.001 4999.0
165 0 0.001 4999.0
166 0 0.001 4999.0
167 255 1.2451171875 3.015686274509804
168 0 0.001 4999.0
169 0 0.001 4999.0
170 0 0.001 4999.0
171 0 0.001 4999.0
172 0 0.001 4999.0
173 0 0.001 4999.0
174 0 0.001 4999.0
175 0 0.001 4999.0
176 0 0.001 4999.0
177 0 0.001 4999.0
178 0 0.001 4999.0
179 0 0.001 4999.0
180 0 0.001 4999.0
181 0 0.001 4999.0
182 0 0.001 4999.0
183 255 1.2451171875 3.015686274509804
184 0 0.001 4999.0
185 0 0.001 4999.0
186 0 0.001 4999.0
187 0 0.001 4999.0
188 0 0.001 4999.0
189 0 0.001 4999.0
190 0 0.001 4999.0
191 254 1.240234375 3.031496062992126
192 0 0.001 4999.0
193 0 0.001 4999.0
194 0 0.001 4999.0
195 0 0.001 4999.0
196 0 0.001 4999.0
197 0 0.001 4999.0
198 0 0.001 4999.0
199 255 1.2451171875 3.015686274509804
200 0 0.001 4999.0
201 0 0.001 4999.0
202 0 0.001 4999.0
203 0 0.001 4999.0
204 0 0.001 4999.0
205 0 0.001 4999.0
206 0 0.001 4999.0
207 254 1.240234375 3.031496062992126
208 0 0.001 4999.0
209 0 0.001 4999.0
210 0 0.001 4999.0
211 0 0.001 4999.0
212 0 0.001 4999.0
213 0 0.001 4999.0
214 0 0.001 4999.0
215 254 1.240234375 3.031496062992126
216 0 0.001 4999.0
217 0 0.001 4999.0
218 0 0.001 4999.0
219 0 0.001 4999.0
220 0 0.001 4999.0
221 0 0.001 4999.0
222 0 0.001 4999.0
223 255 1.2451171875 3.015686274509804
224 0 0.001 4999.0
225 0 0.001 4999.0
226 0 0.001 4999.0
227 0 0.001 4999.0
228 0 0.001 4999.0
229 0 0.001 4999.0
230 0 0.001 4999.0
231 255 1.2451171875 3.015686274509804
232 0 0.001 4999.0
233 0 0.001 4999.0
234 0 0.001 4999.0
235 0 0.001 4999.0
236 0 0.001 4999.0
237 0 0.001 4999.0
238 0 0.001 4999.0
239 255 1.2451171875 3.015686274509804
240 0 0.001 4999.0
241 0 0.001 4999.0
242 0 0.001 4999.0
243 0 0.001 4999.0
244 0 0.001 4999.0
245 0 0.001 4999.0
246 0 0.001 4999.0
247 254 1.240234375 3.031496062992126
248 0 0.001 4999.0
249 0 0.001 4999.0
250 0 0.001 4999.0
251 0 0.001 4999.0
252 0 0.001 4999.0
253 0 0.001 4999.0
254 0 0.001 4999.0
255 254 1.240234375 3.031496062992126
256 0 0.001 4999.0
257 0 0.001 4999.0
258 0 0.001 4999.0
259 0 0.001 4999.0
260 0 0.001 4999.0
261 0 0.001 4999.0
262 0 0.001 4999.0
263 254 1.240234375 3.031496062992126
264 0 0.001 4999.0
265 0 0.001 4999.0
266 0 0.001 4999.0
267 0 0.001 4999.0
268 0 0.001 4999.0
269 0 0.001 4999.0
270 0 0.001 4999.0
271 255 1.2451171875 3.015686274509804
272 0 0.001 4999.0
273 0 0.001 4999.0
274 0 0.001 4999.0
275 0 0.001 4999.0
276 0 0.001 4999.0
277 0 0.001 4999.0
278 0 0.001 4999.0
279 0 0.001 4999.0
280 0 0.001 4999.0
281 0 0.001 4999.0
282 0 0.001 4999.0
283 0 0.001 4999.0
284 0 0.001 4999.0
285 0 0.001 4999.0
286 0 0.001 4999.0
287 0 0.001 4999.0
288 0 0.001 4999.0
289 0 0.001 4999.0
290 0 0.001 4999.0
291 0 0.001 4999.0
292 254 1.240234375 3.031496062992126
293 0 0.001 4999.0
294 0 0.001 4999.0
295 0 0.001 4999.0
296 0 0.001 4999.0
297 0 0.001 4999.0
298 0 0.001 4999.0
299 0 0.001 4999.0
300 254 1.240234375 3.031496062992126
301 0 0.001 4999.0
302 0 0.001 4999.0
303 0 0.001 4999.0
304 0 0.001 4999.0
305 0 0.001 4999.0
306 0 0.001 4999.0
307 0 0.001 4999.0
308 254 1.240234375 3.031496062992126
309 0 0.001 4999.0
310 0 0.001 4999.0
311 0 0.001 4999.0
312 0 0.001 4999.0
313 0 0.001 4999.0
314 0 0.001 4999.0
315 0 0.001 4999.0
316 0 0.001 4999.0
317 0 0.001 4999.0
318 0 0.001 4999.0
319 0 0.001 4999.0
320 0 0.001 4999.0
321 0 0.001 4999.0
322 0 0.001 4999.0
323 0 0.001 4999.0
324 255 1.2451171875 3.015686274509804
325 0 0.001 4999.0
326 0 0.001 4999.0
327 0 0.001 4999.0
328 0 0.001 4999.0
329 0 0.001 4999.0
330 0 0.001 4999.0
331 0 0.001 4999.0
332 254 1.240234375 3.031496062992126
333 0 0.001 4999.0
334 0 0.001 4999.0
335 0 0.001 4999.0
336 0 0.001 4999.0
337 0 0.001 4999.0
338 0 0.001 4999.0
339 0 0.001 4999.0
340 254 1.240234375 3.031496062992126
341 0 0.001 4999.0
342 0 0.001 4999.0
343 0 0.001 4999.0
344 0 0.001 4999.0
345 0 0.001 4999.0
346 0 0.001 4999.0
347 0 0.001 4999.0
348 255 1.2451171875 3.015686274509804
349 0 0.001 4999.0
350 0 0.001 4999.0
351 0 0.001 4999.0
352 0 0.001 4999.0
353 0 0.001 4999.0
354 0 0.001 4999.0
355 0 0.001 4999.0
356 254 1.240234375 3.031496062992126
357 0 0.001 4999.0
358 0 0.001 4999.0
359 0 0.001 4999.0
360 0 0.001 4999.0
361 0 0.001 4999.0
362 0 0.001 4999.0
363 0 0.001 4999.0
364 255 1.2451171875 3.015686274509804
365 0 0.001 4999.0
366 0 0.001 4999.0
367 0 0.001 4999.0
368 0 0.001 4999.0
369 0 0.001 4999.0
370 0 0.001 4999.0
371 0 0.001 4999.0
372 255 1.2451171875 3.015686274509804
373 0 0.001 4999.0
374 0 0.001 4999.0
375 0 0.001 4999.0
376 0 0.001 4999.0
377 0 0.001 4999.0
378 0 0.001 4999.0
379 0 0.001 4999.0
380 255 1.2451171875 3.015686274509804
381 0 0.001 4999.0
382 0 0.001 4999.0
383 0 0.001 4999.0
384 0 0.001 4999.0
385 0 0.001 4999.0
386 0 0.001 4999.0
387 0 0.001 4999.0
388 254 1.240234375 3.031496062992126
389 0 0.001 4999.0
390 0 0.001 4999.0
391 0 0.001 4999.0
392 0 0.001 4999.0
393 0 0.001 4999.0
394 0 0.001 4999.0
395 0 0.001 4999.0
396 255 1.2451171875 3.015686274509804
397 0 0.001 4999.0
398 0 0.001 4999.0
399 0 0.001 4999.0
400 0 0.001 4999.0
401 0 0.001 4999.0
402 0 0.001 4999.0
403 0 0.001 4999.0
404 0 0.001 4999.0
405 0 0.001 4999.0
406 0 0.001 4999.0
407 254 1.240234375 3.031496062992126
408 0 0.001 4999.0
409 0 0.001 4999.0
410 0 0.001 4999.0
411 0 0.001 4999.0
412 0 0.001 4999.0
413 0 0.001 4999.0
414 0 0.001 4999.0
415 254 1.240234375 3.031496062992126
416 0 0.001 4999.0
417 0 0.001 4999.0
418 0 0.001 4999.0
419 0 0.001 4999.0
420 0 0.001 4999.0
421 0 0.001 4999.0
422 0 0.001 4999.0
423 254 1.240234375 3.031496062992126
424 0 0.001 4999.0
425 0 0.001 4999.0
426 0 0.001 4999.0
427 0 0.001 4999.0
428 0 0.001 4999.0
429 0 0.001 4999.0
430 0 0.001 4999.0
431 254 1.240234375 3.031496062992126
432 0 0.001 4999.0
433 0 0.001 4999.0
434 0 0.001 4999.0
435 0 0.001 4999.0
436 0 0.001 4999.0
437 0 0.001 4999.0
438 0 0.001 4999.0
439 255 1.2451171875 3.015686274509804
440 0 0.001 4999.0
441 0 0.001 4999.0
442 0 0.001 4999.0
443 0 0.001 4999.0
444 0 0.001 4999.0
445 0 0.001 4999.0
446 0 0.001 4999.0
447 255 1.2451171875 3.015686274509804
448 0 0.001 4999.0
449 0 0.001 4999.0
450 0 0.001 4999.0
451 0 0.001 4999.0
452 0 0.001 4999.0
453 0 0.001 4999.0
454 0 0.001 4999.0
455 255 1.2451171875 3.015686274509804
456 0 0.001 4999.0
457 0 0.001 4999.0
458 0 0.001 4999.0
459 0 0.001 4999.0
460 0 0.001 4999.0
461 0 0.001 4999.0
462 0 0.001 4999.0
463 0 0.001 4999.0
464 0 0.001 4999.0
465 0 0.001 4999.0
466 0 0.001 4999.0
467 0 0.001 4999.0
468 0 0.001 4999.0
469 0 0.001 4999.0
470 0 0.001 4999.0
471 0 0.001 4999.0
472 0 0.001 4999.0
473 0 0.001 4999.0
474 254 1.240234375 3.031496062992126
475 0 0.001 4999.0
476 0 0.001 4999.0
477 0 0.001 4999.0
478 0 0.001 4999.0
479 0 0.001 4999.0
480 0 0.001 4999.0
481 0 0.001 4999.0
482 254 1.240234375 3.031496062992126
483 0 0.001 4999.0
484 0 0.001 4999.0
485 0 0.001 4999.0
486 0 0.001 4999.0
487 0 0.001 4999.0
488 0 0.001 4999.0
489 0 0.001 4999.0
490 255 1.2451171875 3.015686274509804
491 0 0.001 4999.0
492 0 0.001 4999.0
493 0 0.001 4999.0
494 0 0.001 4999.0
495 0 0.001 4999.0
496 0 0.001 4999.0
497 0 0.001 4999.0
498 255 1.2451171875 3.015686274509804
499 0 0.001 4999.0
500 0 0.001 4999.0
501 0 0.001 4999.0
502 0 0.001 4999.0
503 0 0.001 4999.0
504 0 0.001 4999.0
505 0 0.001 4999.0
506 255 1.2451171875 3.015686274509804
507 0 0.001 4999.0
508 0 0.001 4999.0
509 0 0.001 4999.0
510 0 0.001 4999.0
511 0 0.001 4999.0
512 0 0.001 4999.0
513 0 0.001 4999.0
514 0 0.001 4999.0
515 0 0.001 4999.0
516 0 0.001 4999.0
517 255 1.2451171875 3.015686274509804
518 0 0.001 4999.0
519 0 0.001 4999.0
520 0 0.001 4999.0
521 0 0.001 4999.0
522 0 0.001 4999.0
523 0 0.001 4999.0
524 0 0.001 4999.0
525 254 1.240234375 3.031496062992126
526 0 0.001 4999.0
527 0 0.001 4999.0
528 0 0.001 4999.0
529 0 0.001 4999.0
530 0 0.001 4999.0
531 0 0.001 4999.0
532 0 0.001 4999.0
533 254 1.240234375 3.031496062992126
534 0 0.001 4999.0
535 0 0.001 4999.0
536 0 0.001 4999.0
537 0 0.001 4999.0
538 0 0.001 4999.0
539 0 0.001 4999.0
540 0 0.001 4999.0
541 255 1.2451171875 3.015686274509804
542 0 0.001 4999.0
543 0 0.001 4999.0
544 0 0.001 4999.0
545 0 0.001 4999.0
546 0 0.001 4999.0
547 0 0.001 4999.0
548 0 0.001 4999.0
549 255 1.2451171875 3.015686274509804
550 0 0.001 4999.0
551 0 0.001 4999.0
552 0 0.001 4999.0
553 0 0.001 4999.0
554 0 0.001 4999.0
555 0 0.001 4999.0
556 0 0.001 4999.0
557 0 0.001 4999.0
558 0 0.001 4999.0
559 0 0.001 4999.0
560 254 1.240234375 3.031496062992126
561 0 0.001 4999.0
562 0 0.001 4999.0
563 0 0.001 4999.0
564 0 0.001 4999.0
565 0 0.001 4999.0
566 0 0.001 4999.0
567 0 0.001 4999.0
568 255 1.2451171875 3.015686274509804
569 0 0.001 4999.0
570 0 0.001 4999.0
571 0 0.001 4999.0
572 0 0.001 4999.0
573 0 0.001 4999.0
574 0 0.001 4999.0
575 0 0.001 4999.0
576 255 1.2451171875 3.015686274509804
577 0 0.001 4999.0
578 0 0.001 4999.0
579 0 0.001 4999.0
580 0 0.001 4999.0
581 0 0.001 4999.0
582 0 0.001 4999.0
583 0 0.001 4999.0
584 255 1.2451171875 3.015686274509804
585 0 0.001 4999.0
586 0 0.001 4999.0
587 0 0.001 4999.0
588 0 0.001 4999.0
589 0 0.001 4999.0
590 0 0.001 4999.0
591 0 0.001 4999.0
592 254 1.240234375 3.031496062992126
593 0 0.001 4999.0
594 0 0.001 4999.0
595 0 0.001 4999.0
596 0 0.001 4999.0
597 0 0.001 4999.0
598 0 0.001 4999.0
599 0 0.001 4999.0
600 254 1.240234375 3.031496062992126
601 0 0.001 4999.0
602 0 0.001 4999.0
603 0 0.001 4999.0
604 0 0.001 4999.0
605 0 0.001 4999.0
606 0 0.001 4999.0
607 0 0.001 4999.0
608 0 0.001 4999.0
609 0 0.001 4999.0
610 0 0.001 4999.0
611 254 1.240234375 3.031496062992126
612 0 0.001 4999.0
613 0 0.001 4999.0
614 0 0.001 4999.0
615 0 0.001 4999.0
616 0 0.001 4999.0
617 0 0.001 4999.0
618 0 0.001 4999.0
619 255 1.2451171875 3.015686274509804
620 0 0.001 4999.0
621 0 0.001 4999.0
622 0 0.001 4999.0
623 0 0.001 4999.0
624 0 0.001 4999.0
625 0 0.001 4999.0
626 0 0.001 4999.0
627 254 1.240234375 3.031496062992126
628 0 0.001 4999.0
629 0 0.001 4999.0
630 0 0.001 4999.0
631 0 0.001 4999.0
632 0 0.001 4999.0
633 0 0.001 4999.0
634 0 0.001 4999.0
635 255 1.2451171875 3.015686274509804
636 0 0.001 4999.0
637 0 0.001 4999.0
638 0 0.001 4999.0
639 0 0.001 4999.0
640 0 0.001 4999.0
641 0 0.001 4999.0
642 0 0.001 4999.0
643 255 1.2451171875 3.015686274509804
644 0 0.001 4999.0
645 0 0.001 4999.0
646 0 0.001 4999.0
647 0 0.001 4999.0
648 0 0.001 4999.0
649 0 0.001 4999.0
650 0 0.001 4999.0
651 0 0.001 4999.0
652 0 0.001 4999.0
653 0 0.001 4999.0
654 255 1.2451171875 3.015686274509804
655 0 0.001 4999.0
656 0 0.001 4999.0
657 0 0.001 4999.0
658 0 0.001 4999.0
659 0 0.001 4999.0
660 0 0.001 4999.0
661 0 0.001 4999.0
662 254 1.240234375 3.031496062992126
663 0 0.001 4999.0
664 0 0.001 4999.0
665 0 0.001 4999.0
666 0 0.001 4999.0
667 0 0.001 4999.0
668 0 0.001 4999.0
669 0 0.001 4999.0
670 255 1.2451171875 3.015686274509804
671 0 0.001 4999.0
672 0 0.001 4999.0
673 0 0.001 4999.0
674 0 0.001 4999.0
675 0 0.001 4999.0
676 0 0.001 4999.0
677 0 0.001 4999.0
678 255 1.2451171875 3.015686274509804
679 0 0.001 4999.0
680 0 0.001 4999.0
681 0 0.001 4999.0
682 0 0.001 4999.0
683 0 0.001 4999.0
684 0 0.001 4999.0
685 0 0.001 4999.0
686 254 1.240234375 3.031496062992126
687 0 0.001 4999.0
688 0 0.001 4999.0
689 0 0.001 4999.0
690 0 0.001 4999.0
691 0 0.001 4999.0
692 0 0.001 4999.0
693 0 0.001 4999.0
694 254 1.240234375 3.031496062992126
695 0 0.001 4999.0
696 0 0.001 4999.0
697 0 0.001 4999.0
698 0 0.001 4999.0
699 0 0.001 4999.0
700 0 0.001 4999.0
701 0 0.001 4999.0
702 255 1.2451171875 3.015686274509804
703 0 0.001 4999.0
704 0 0.001 4999.0
705 0 0.001 4999.0
706 0 0.001 4999.0
707 0 0.001 4999.0
708 0 0.001 4999.0
709 0 0.001 4999.0
710 254 1.240234375 3.031496062992126
711 0 0.001 4999.0
712 0 0.001 4999.0
713 0 0.001 4999.0
714 0 0.001 4999.0
715 0 0.001 4999.0
716 0 0.001 4999.0
717 0 0.001 4999.0
718 254 1.240234375 3.031496062992126
719 0 0.001 4999.0
720 0 0.001 4999.0
721 0 0.001 4999.0
722 0 0.001 4999.0
723 0 0.001 4999.0
724 0 0.001 4999.0
725 0 0.001 4999.0
726 255 1.2451171875 3.015686274509804
727 0 0.001 4999.0
728 0 0.001 4999.0
729 0 0.001 4999.0
730 0 0.001 4999.0
731 0 0.001 4999.0
732 0 0.001 4999.0
733 0 0.001 4999.0
734 254 1.240234375 3.031496062992126
735 0 0.001 4999.0
736 0 0.001 4999.0
737 0 0.001 4999.0
738 0 0.001 4999.0
739 0 0.001 4999.0
740 0 0.001 4999.0
741 0 0.001 4999.0
742 254 1.240234375 3.031496062992126
743 0 0.001 4999.0
744 0 0.001 4999.0
745 0 0.001 4999.0
746 0 0.001 4999.0
747 0 0.001 4999.0
748 0 0.001 4999.0
749 0 0.001 4999.0
750 254 1.240234375 3.031496062992126
751 0 0.001 4999.0
752 0 0.001 4999.0
753 0 0.001 4999.0
754 0 0.001 4999.0
755 0 0.001 4999.0
756 0 0.001 4999.0
757 0 0.001 4999.0
758 254 1.240234375 3.031496062992126
759 0 0.001 4999.0
760 0 0.001 4999.0
761 0 0.001 4999.0
762 0 0.001 4999.0
763 0 0.001 4999.0
764 0 0.001 4999.0
765 0 0.001 4999.0
766 255 1.2451171875 3.015686274509804
767 0 0.001 4999.0
768 0 0.001 4999.0
769 0 0.001 4999.0
770 0 0.001 4999.0
771 0 0.001 4999.0
772 0 0.001 4999.0
773 0 0.001 4999.0
774 0 0.001 4999.0
775 0 0.001 4999.0
776 0 0.001 4999.0
777 0 0.001 4999.0
778 0 0.001 4999.0
779 254 1.240234375 3.031496062992126
780 0 0.001 4999.0
781 0 0.001 4999.0
782 0 0.001 4999.0
783 0 0.001 4999.0
784 0 0.001 4999.0
785 0 0.001 4999.0
786 0 0.001 4999.0
787 0 0.001 4999.0
788 0 0.001 4999.0
789 0 0.001 4999.0
790 255 1.2451171875 3.015686274509804
791 0 0.001 4999.0
792 0 0.001 4999.0
793 0 0.001 4999.0
794 0 0.001 4999.0
795 0 0.001 4999.0
796 0 0.001 4999.0
797 0 0.001 4999.0
798 255 1.2451171875 3.015686274509804
799 0 0.001 4999.0
800 0 0.001 4999.0
801 0 0.001 4999.0
802 0 0.001 4999.0
803 0 0.001 4999.0
804 0 0.001 4999.0
805 0 0.001 4999.0
806 254 1.240234375 3.031496062992126
807 0 0.001 4999.0
808 0 0.001 4999.0
809 0 0.001 4999.0
810 0 0.001 4999.0
811 0 0.001 4999.0
812 0 0.001 4999.0
813 0 0.001 4999.0
814 254 1.240234375 3.031496062992126
815 0 0.001 4999.0
816 0 0.001 4999.0
817 0 0.001 4999.0
818 0 0.001 4999.0
819 0 0.001 4999.0
820 0 0.001 4999.0
821 0 0.001 4999.0
822 254 1.240234375 3.031496062992126
823 0 0.001 4999.0
824 0 0.001 4999.0
825 0 0.001 4999.0
826 0 0.001 4999.0
827 0 0.001 4999.0
828 0 0.001 4999.0
829 0 0.001 4999.0
830 254 1.240234375 3.031496062992126
831 0 0.001 4999.0
832 0 0.001 4999.0
833 0 0.001 4999.0
834 0 0.001 4999.0
835 0 0.001 4999.0
836 0 0.001 4999.0
837 0 0.001 4999.0
838 254 1.240234375 3.031496062992126
839 0 0.001 4999.0
840 0 0.001 4999.0
841 0 0.001 4999.0
842 0 0.001 4999.0
843 0 0.001 4999.0
844 0 0.001 4999.0
845 0 0.001 4999.0
846 254 1.240234375 3.031496062992126
847 0 0.001 4999.0
848 0 0.001 4999.0
849 0 0.001 4999.0
850 0 0.001 4999.0
851 0 0.001 4999.0
852 0 0.001 4999.0
853 0 0.001 4999.0
854 254 1.240234375 3.031496062992126
855 0 0.001 4999.0
856 0 0.001 4999.0
857 0 0.001 4999.0
858 0 0.001 4999.0
859 0 0.001 4999.0
860 0 0.001 4999.0
861 0 0.001 4999.0
862 254 1.240234375 3.031496062992126
863 0 0.001 4999.0
864 0 0.001 4999.0
865 0 0.001 4999.0
866 0 0.001 4999.0
867 0 0.001 4999.0
868 0 0.001 4999.0
869 0 0.001 4999.0
870 254 1.240234375 3.031496062992126
871 0 0.001 4999.0
872 0 0.001 4999.0
873 254 1.240234375 3.031496062992126
874 0 0.001 4999.0
875 0 0.001 4999.0
876 0 0.001 4999.0
877 0 0.001 4999.0
878 0 0.001 4999.0
879 0 0.001 4999.0
880 0 0.001 4999.0
881 255 1.2451171875 3.015686274509804
882 0 0.001 4999.0
883 0 0.001 4999.0
884 0 0.001 4999.0
885 0 0.001 4999.0
886 0 0.001 4999.0
887 0 0.001 4999.0
888 0 0.001 4999.0
889 0 0.001 4999.0
890 0 0.001 4999.0
891 0 0.001 4999.0
892 254 1.240234375 3.031496062992126
893 0 0.001 4999.0
894 0 0.001 4999.0
895 0 0.001 4999.0
896 0 0.001 4999.0
897 0 0.001 4999.0
898 0 0.001 4999.0
899 0 0.001 4999.0
900 254 1.240234375 3.031496062992126
901 0 0.001 4999.0
902 0 0.001 4999.0
903 254 1.240234375 3.031496062992126
904 0 0.001 4999.0
905 0 0.001 4999.0
906 0 0.001 4999.0
907 0 0.001 4999.0
908 0 0.001 4999.0
909 0 0.001 4999.0
910 0 0.001 4999.0
911 254 1.240234375 3.031496062992126
912 0 0.001 4999.0
913 0 0.001 4999.0
914 0 0.001 4999.0
915 0 0.001 4999.0
916 0 0.001 4999.0
917 0 0.001 4999.0
918 0 0.001 4999.0
919 0 0.001 4999.0
920 0 0.001 4999.0
921 0 0.001 4999.0
922 254 1.240234375 3.031496062992126
923 0 0.001 4999.0
924 0 0.001 4999.0
925 0 0.001 4999.0
926 0 0.001 4999.0
927 0 0.001 4999.0
928 0 0.001 4999.0
929 0 0.001 4999.0
930 254 1.240234375 3.031496062992126
931 0 0.001 4999.0
932 0 0.001 4999.0
933 254 1.240234375 3.031496062992126
934 0 0.001 4999.0
935 0 0.001 4999.0
936 0 0.001 4999.0
937 0 0.001 4999.0
938 0 0.001 4999.0
939 0 0.001 4999.0
940 0 0.001 4999.0
941 254 1.240234375 3.031496062992126
942 0 0.001 4999.0
943 0 0.001 4999.0
944 0 0.001 4999.0
945 0 0.001 4999.0
946 0 0.001 4999.0
947 0 0.001 4999.0
948 0 0.001 4999.0
949 0 0.001 4999.0
950 0 0.001 4999.0
951 0 0.001 4999.0
952 255 1.2451171875 3.015686274509804
953 0 0.001 4999.0
954 0 0.001 4999.0
955 0 0.001 4999.0
956 0 0.001 4999.0
957 0 0.001 4999.0
958 0 0.001 4999.0
959 0 0.001 4999.0
960 255 1.2451171875 3.015686274509804
961 0 0.001 4999.0
962 0 0.001 4999.0
963 0 0.001 4999.0
964 0 0.001 4999.0
965 0 0.001 4999.0
966 0 0.001 4999.0
967 0 0.001 4999.0
968 254 1.240234375 3.031496062992126
969 0 0.001 4999.0
970 0 0.001 4999.0
971 254 1.240234375 3.031496062992126
972 0 0.001 4999.0
973 0 0.001 4999.0
974 0 0.001 4999.0
975 0 0.001 4999.0
976 0 0.001 4999.0
977 0 0.001 4999.0
978 0 0.001 4999.0
979 254 1.240234375 3.031496062992126
980 0 0.001 4999.0
981 0 0.001 4999.0
982 0 0.001 4999.0
983 0 0.001 4999.0
984 0 0.001 4999.0
985 0 0.001 4999.0
986 0 0.001 4999.0
987 255 1.2451171875 3.015686274509804
988 0 0.001 4999.0
989 0 0.001 4999.0
990 255 1.2451171875 3.015686274509804
991 0 0.001 4999.0
992 0 0.001 4999.0
993 0 0.001 4999.0
994 0 0.001 4999.0
995 0 0.001 4999.0
996 0 0.001 4999.0
997 0 0.001 4999.0
998 254 1.240234375 3.031496062992126
999 0 0.001 4999.0
1000 0 0.001 4999.0
1001 0 0.001 4999.0
1002 0 0.001 4999.0
1003 0 0.001 4999.0
1004 0 0.001 4999.0
1005 0 0.001 4999.0
1006 0 0.001 4999.0
1007 0 0.001 4999.0
1008 0 0.001 4999.0
1009 254 1.240234375 3.031496062992126
1010 0 0.001 4999.0
1011 0 0.001 4999.0
1012 0 0.001 4999.0
1013 0 0.001 4999.0
1014 0 0.001 4999.0
1015 0 0.001 4999.0
1016 0 0.001 4999.0
1017 255 1.2451171875 3.015686274509804
1018 0 0.001 4999.0
1019 0 0.001 4999.0
1020 0 0.001 4999.0
1021 0 0.001 4999.0
1022 0 0.001 4999.0
1023 0 0.001 4999.0
1024 0 0.001 4999.0
1025 0 0.001 4999.0
1026 0 0.001 4999.0
1027 0 0.001 4999.0
1028 255 1.2451171875 3.015686274509804
1029 0 0.001 4999.0
1030 0 0.001 4999.0
1031 0 0.001 4999.0
1032 0 0.001 4999.0
1033 0 0.001 4999.0
1034 0 0.001 4999.0
1035 0 0.001 4999.0
1036 255 1.2451171875 3.015686274509804
1037 0 0.001 4999.0
1038 0 0.001 4999.0
1039 0 0.001 4999.0
1040 0 0.001 4999.0
1041 0 0.001 4999.0
1042 0 0.001 4999.0
1043 0 0.001 4999.0
1044 0 0.001 4999.0
1045 0 0.001 4999.0
1046 0 0.001 4999.0
1047 255 1.2451171875 3.015686274509804
1048 0 0.001 4999.0
1049 0 0.001 4999.0
1050 0 0.001 4999.0
1051 0 0.001 4999.0
1052 0 0.001 4999.0
1053 0 0.001 4999.0
1054 0 0.001 4999.0
1055 254 1.240234375 3.031496062992126
1056 0 0.001 4999.0
1057 0 0.001 4999.0
1058 0 0.001 4999.0
1059 0 0.001 4999.0
1060 0 0.001 4999.0
1061 0 0.001 4999.0
1062 0 0.001 4999.0
1063 0 0.001 4999.0
1064 0 0.001 4999.0
1065 0 0.001 4999.0
1066 255 1.2451171875 3.015686274509804
1067 0 0.001 4999.0
1068 0 0.001 4999.0
1069 0 0.001 4999.0
1070 0 0.001 4999.0
1071 0 0.001 4999.0
1072 0 0.001 4999.0
1073 0 0.001 4999.0
1074 254 1.240234375 3.031496062992126
1075 0 0.001 4999.0
1076 0 0.001 4999.0
1077 0 0.001 4999.0
1078 0 0.001 4999.0
1079 0 0.001 4999.0
1080 0 0.001 4999.0
1081 0 0.001 4999.0
1082 255 1.2451171875 3.015686274509804
1083 0 0.001 4999.0
1084 0 0.001 4999.0
1085 0 0.001 4999.0
1086 0 0.001 4999.0
1087 0 0.001 4999.0
1088 0 0.001 4999.0
1089 0 0.001 4999.0
1090 255 1.2451171875 3.015686274509804
1091 0 0.001 4999.0
1092 0 0.001 4999.0
1093 0 0.001 4999.0
1094 0 0.001 4999.0
1095 0 0.001 4999.0
1096 0 0.001 4999.0
1097 0 0.001 4999.0
1098 254 1.240234375 3.031496062992126
1099 0 0.001 4999.0
1100 0 0.001 4999.0
1101 0 0.001 4999.0
1102 0 0.001 4999.0
1103 0 0.001 4999.0
1104 0 0.001 4999.0
1105 0 0.001 4999.0
1106 255 1.2451171875 3.015686274509804
1107 0 0.001 4999.0
1108 0 0.001 4999.0
1109 0 0.001 4999.0
1110 0 0.001 4999.0
1111 0 0.001 4999.0
1112 0 0.001 4999.0
1113 0 0.001 4999.0
1114 254 1.240234375 3.031496062992126
1115 0 0.001 4999.0
1116 0 0.001 4999.0
1117 0 0.001 4999.0
1118 0 0.001 4999.0
1119 0 0.001 4999.0
1120 0 0.001 4999.0
1121 0 0.001 4999.0
1122 255 1.2451171875 3.015686274509804
1123 0 0.001 4999.0
1124 0 0.001 4999.0
1125 0 0.001 4999.0
1126 0 0.001 4999.0
1127 0 0.001 4999.0
1128 0 0.001 4999.0
1129 0 0.001 4999.0
1130 254 1.240234375 3.031496062992126
1131 0 0.001 4999.0
1132 0 0.001 4999.0
1133 0 0.001 4999.0
1134 0 0.001 4999.0
1135 0 0.001 4999.0
1136 0 0.001 4999.0
1137 0 0.001 4999.0
1138 254 1.240234375 3.031496062992126
1139 0 0.001 4999.0
1140 0 0.001 4999.0
1141 0 0.001 4999.0
1142 0 0.001 4999.0
1143 0 0.001 4999.0
1144 0 0.001 4999.0
1145 0 0.001 4999.0
1146 255 1.2451171875 3.015686274509804
1147 0 0.001 4999.0
1148 0 0.001 4999.0
1149 0 0.001 4999.0
1150 0 0.001 4999.0
1151 0 0.001 4999.0
1152 0 0.001 4999.0
1153 0 0.001 4999.0
1154 254 1.240234375 3.031496062992126
1155 0 0.001 4999.0
1156 0 0.001 4999.0
1157 0 0.001 4999.0
1158 0 0.001 4999.0
1159 0 0.001 4999.0
1160 0 0.001 4999.0
1161 0 0.001 4999.0
1162 0 0.001 4999.0
1163 0 0.001 4999.0
1164 0 0.001 4999.0
1165 254 1.240234375 3.031496062992126
1166 0 0.001 4999.0
1167 0 0.001 4999.0
1168 0 0.001 4999.0
1169 0 0.001 4999.0
1170 0 0.001 4999.0
1171 0 0.001 4999.0
1172 0 0.001 4999.0
1173 254 1.240234375 3.031496062992126
1174 0 0.001 4999.0
1175 0 0.001 4999.0
1176 0 0.001 4999.0
1177 0 0.001 4999.0
1178 0 0.001 4999.0
1179 0 0.001 4999.0
1180 0 0.001 4999.0
1181 254 1.240234375 3.031496062992126
1182 0 0.001 4999.0
1183 0 0.001 4999.0
1184 0 0.001 4999.0
1185 0 0.001 4999.0
1186 0 0.001 4999.0
1187 0 0.001 4999.0
1188 0 0.001 4999.0
1189 255 1.2451171875 3.015686274509804
1190 0 0.001 4999.0
1191 0 0.001 4999.0
1192 0 0.001 4999.0
1193 0 0.001 4999.0
1194 0 0.001 4999.0
1195 0 0.001 4999.0
1196 0 0.001 4999.0
1197 254 1.240234375 3.031496062992126
1198 0 0.001 4999.0
1199 0 0.001 4999.0
1200 0 0.001 4999.0
1201 0 0.001 4999.0
1202 0 0.001 4999.0
1203 0 0.001 4999.0
1204 0 0.001 4999.0
1205 255 1.2451171875 3.015686274509804
1206 0 0.001 4999.0
1207 0 0.001 4999.0
1208 0 0.001 4999.0
1209 0 0.001 4999.0
1210 0 0.001 4999.0
1211 0 0.001 4999.0
1212 0 0.001 4999.0
1213 254 1.240234375 3.031496062992126
1214 0 0.001 4999.0
1215 0 0.001 4999.0
1216 0 0.001 4999.0
1217 0 0.001 4999.0
1218 0 0.001 4999.0
1219 0 0.001 4999.0
1220 0 0.001 4999.0
1221 255 1.2451171875 3.015686274509804
1222 0 0.001 4999.0
1223 0 0.001 4999.0
1224 0 0.001 4999.0
1225 0 0.001 4999.0
1226 0 0.001 4999.0
1227 0 0.001 4999.0
1228 0 0.001 4999.0
1229 254 1.240234375 3.031496062992126
1230 0 0.001 4999.0
1231 0 0.001 4999.0
1232 0 0.001 4999.0
1233 0 0.001 4999.0
1234 0 0.001 4999.0
1235 0 0.001 4999.0
1236 0 0.001 4999.0
1237 254 1.240234375 3.031496062992126
1238 0 0.001 4999.0
1239 0 0.001 4999.0
1240 0 0.001 4999.0
1241 0 0.001 4999.0
1242 0 0.001 4999.0
1243 0 0.001 4999.0
1244 0 0.001 4999.0
1245 255 1.2451171875 3.015686274509804
1246 0 0.001 4999.0
1247 0 0.001 4999.0
1248 0 0.001 4999.0
1249 0 0.001 4999.0
1250 0 0.001 4999.0
1251 0 0.001 4999.0
1252 0 0.001 4999.0
1253 254 1.240234375 3.031496062992126
1254 0 0.001 4999.0
1255 0 0.001 4999.0
1256 0 0.001 4999.0
1257 0 0.001 4999.0
1258 0 0.001 4999.0
1259 0 0.001 4999.0
1260 0 0.001 4999.0
1261 0 0.001 4999.0
1262 0 0.001 4999.0
1263 0 0.001 4999.0
1264 0 0.001 4999.0
1265 0 0.001 4999.0
1266 0 0.001 4999.0
1267 0 0.001 4999.0
1268 0 0.001 4999.0
1269 0 0.001 4999.0
1270 0 0.001 4999.0
1271 0 0.001 4999.0
1272 0 0.001 4999.0
1273 0 0.001 4999.0
1274 0 0.001 4999.0
1275 0 0.001 4999.0
1276 0 0.001 4999.0
1277 254 1.240234375 3.031496062992126
1278 0 0.001 4999.0
1279 0 0.001 4999.0
1280 0 0.001 4999.0
1281 0 0.001 4999.0
1282 0 0.001 4999.0
1283 0 0.001 4999.0
1284 0 0.001 4999.0
1285 254 1.240234375 3.031496062992126
1286 0 0.001 4999.0
1287 0 0.001 4999.0
1288 0 0.001 4999.0
1289 0 0.001 4999.0
1290 0 0.001 4999.0
1291 0 0.001 4999.0
1292 0 0.001 4999.0
1293 0 0.001 4999.0
1294 0 0.001 4999.0
1295 0 0.001 4999.0
1296 0 0.001 4999.0
1297 0 0.001 4999.0
1298 255 1.2451171875 3.015686274509804
1299 0 0.001 4999.0
1300 0 0.001 4999.0
1301 0 0.001 4999.0
1302 0 0.001 4999.0
1303 0 0.001 4999.0
1304 0 0.001 4999.0
1305 0 0.001 4999.0
1306 255 1.2451171875 3.015686274509804
1307 0 0.001 4999.0
1308 0 0.001 4999.0
1309 0 0.001 4999.0
1310 0 0.001 4999.0
1311 0 0.001 4999.0
1312 0 0.001 4999.0
1313 0 0.001 4999.0
1314 255 1.2451171875 3.015686274509804
